20
0 2 2 3 5 4 17 5 19 6 16 7 6 8 3 9 19 11 16 12 10 13 16 15 4 16 11 17 15
1 0 16 2 11 3 18 4 12 5 13 6 21 7 15 9 9 10 11 11 18 12 3 13 13 14 1 15 18 16 2 17 16 18 4 19 7
2 0 2 1 11 3 20 4 12 5 20 6 20 7 1 8 20 9 13 10 6 11 14 12 19 13 18 14 21 15 8 16 13 17 18 18 11 19 20
3 0 16 1 13 2 13 4 18 5 21 6 3 7 7 8 6 9 15 10 11 11 3 12 17 13 3 14 3 15 16 17 8 18 12 19 7
4 0 4 1 9 2 18 3 6 5 20 6 20 7 7 8 10 9 20 10 15 11 7 12 6 13 5 14 9 15 16 16 18 17 14 19 1
5 0 6 1 12 2 20 3 15 4 14 6 15 7 13 8 11 9 16 10 5 11 4 12 19 13 8 15 21 16 17 17 3 18 11 19 3
6 0 8 1 13 2 15 3 4 4 3 5 20 7 8 8 12 9 21 10 11 11 16 12 13 13 12 14 1 15 10 16 11 17 3 18 16
7 0 2 1 1 2 18 3 2 4 2 5 4 6 19 8 16 9 19 10 19 11 12 12 1 13 19 14 6 15 5 16 9 17 6 18 9 19 2
8 0 16 2 18 3 20 4 4 5 2 6 4 7 11 9 15 10 2 13 15 14 8 15 7 16 11 17 12 18 14 19 1
9 0 2 2 8 3 19 4 17 5 17 6 18 7 16 8 7 10 7 11 13 12 14 13 14 14 15 15 16 16 12 17 19 18 20 19 4
10 0 4 1 21 2 6 3 5 4 20 5 3 6 18 7 18 8 11 9 17 11 2 12 20 13 12 14 11 15 8 16 13 17 21 18 17 19 14
11 0 16 1 20 2 12 3 1 4 14 5 13 6 14 7 17 8 6 9 12 10 6 12 19 13 8 15 4 16 3 17 12 18 8
12 0 17 1 7 2 9 3 18 4 8 5 13 7 19 8 18 9 7 10 9 11 2 14 1 15 7 16 11 17 18 18 19 19 14
13 0 19 1 20 2 6 3 10 4 2 5 18 6 21 7 5 8 17 9 15 10 13 11 16 12 20 14 9 15 18 16 2 17 9 18 18 19 20
14 0 10 1 19 2 8 3 16 4 19 5 16 6 7 7 12 8 4 9 12 10 2 11 16 12 18 13 4 15 3 16 13 17 3 18 17 19 4
15 0 4 1 2 2 17 3 3 4 19 6 16 7 21 8 20 9 15 10 4 11 16 12 4 13 15 14 7 16 19 17 20 18 11 19 19
16 0 6 1 14 2 12 3 20 4 6 5 14 6 12 7 19 8 5 9 3 10 17 11 3 12 7 14 18 15 14 18 17 19 6
17 0 3 1 18 2 14 3 6 4 19 5 12 6 8 7 11 8 10 10 2 11 13 12 1 13 7 14 14 15 6 16 21 18 21 19 2
18 1 6 2 5 3 6 4 16 5 5 6 20 7 20 8 18 9 14 10 2 11 4 12 13 13 1 14 9 15 8 17 15 19 14
19 0 21 1 15 2 2 3 1 4 5 5 8 6 16 7 8 8 21 10 9 11 11 12 7 13 14 14 12 15 19 16 11 17 9 18 7
2
13 19
1
7